순위,종목명,검색비율,현재가,전일비,등락률,거래량,시가,고가,저가,PER,ROE
1,삼성전자,13.84%,57,900,하락1,100,-1.86%,22,040,920,58,800,58,900,57,900,14.15,4.15
2,한켐,4.30%,23,700,상승5,700,+31.67%,24,115,748,32,500,33,300,23,200,N/A,24.14
3,동서,4.03%,25,300,상한가5,830,+29.94%,2,511,862,20,000,25,300,19,830,15.17,9.23
4,YG PLUS,3.16%,4,520,상한가1,040,+29.89%,26,317,489,3,995,4,520,3,865,44.31,14.12
5,SK하이닉스,2.69%,188,300,하락2,600,-1.36%,2,887,085,195,300,195,300,188,300,54.87,-15.61
6,루미르,2.64%,13,290,하락1,620,-10.87%,31,990,140,13,760,15,940,12,390,-31.34,-24.89
7,유한양행,2.50%,154,600,하락5,400,-3.37%,1,750,385,160,000,160,000,153,800,83.93,6.74
8,두산에너빌리티,2.03%,20,600,하락50,-0.24%,12,793,103,20,300,21,300,20,000,83.06,0.78
9,흥구석유,1.99%,18,200,상승780,+4.48%,4,048,197,17,280,18,440,16,900,325.00,1.42
10,기아,1.76%,92,200,하락2,800,-2.95%,1,757,883,93,600,94,100,91,800,3.86,20.44
11,샤페론,1.55%,4,580,상승890,+24.12%,23,272,480,3,760,4,755,3,520,-6.99,N/A
12,카카오,1.54%,37,500,하락1,900,-4.82%,1,538,273,39,300,39,350,37,400,-17.15,-10.26
13,알테오젠,1.48%,382,500,하락15,000,-3.77%,457,849,399,500,402,000,380,500,-15,937.50,-2.27
14,에코프로,1.43%,76,700,하락3,700,-4.60%,753,973,80,300,80,300,76,600,-84.94,3.43
15,현대차,1.43%,234,000,하락3,000,-1.27%,415,666,236,000,239,000,232,500,5.07,13.68
16,POSCO홀딩스,1.41%,331,000,하락12,500,-3.64%,258,775,340,500,342,000,330,500,20.70,3.18
17,에코프로비엠,1.40%,157,000,하락7,900,-4.79%,392,479,163,700,164,800,157,000,-97.70,-0.64
18,와이제이링크,1.33%,15,890,하락3,370,-17.50%,8,667,613,18,100,19,000,15,660,23.27,21.09
19,NAVER,1.32%,170,900,하락5,900,-3.34%,630,476,176,900,177,100,170,900,18.10,4.41
20,HLB,1.20%,69,200,하락1,700,-2.40%,626,802,70,500,70,700,69,000,-42.64,-32.55
21,셀트리온,1.10%,187,700,하락4,000,-2.09%,451,994,191,300,192,500,187,500,106.05,5.07
22,에스와이스틸텍,1.06%,5,610,상승430,+8.30%,42,300,648,5,230,6,150,5,130,12.69,31.57
23,STX그린로지스,1.05%,11,260,상승890,+8.58%,4,144,706,10,330,12,200,10,140,13.99,N/A
24,한미반도체,1.02%,98,700,하락2,800,-2.76%,866,605,103,400,104,200,98,500,60.85,55.54
25,지투파워,1.01%,7,150,상승1,500,+26.55%,16,761,236,6,590,7,340,6,510,130.00,N/A
26,펩트론,1.00%,92,800,하락2,700,-2.83%,872,825,97,000,97,500,91,800,-100.76,-35.69
27,두산로보틱스,0.99%,68,100,하락3,500,-4.89%,842,150,70,800,71,900,66,600,-316.74,-6.59
28,리가켐바이오,0.98%,128,000,하락2,700,-2.07%,876,973,130,700,139,600,127,100,-114.29,-40.08
29,삼천당제약,0.95%,135,100,상승1,300,+0.97%,377,766,136,100,138,800,130,900,-565.27,-5.27
30,한화인더스트리얼솔루션즈,0.95%,36,950,하락2,450,-6.22%,2,762,189,39,400,39,650,36,850,N/A,N/A
